
          ***** ANSYS POST26 VARIABLE LISTING *****


    TIME              1598 UZ      
                      UZ_2    
                  AMPLITUDE       PHASE   
   16.980        0.663946E-01   0.00000    
   32.960        0.708415E-01   0.00000    
   48.940        0.793378E-01   0.00000    
   64.920        0.944888E-01   0.00000    
   80.900        0.122958       0.00000    
   96.880        0.186655       0.00000    
   112.86        0.418931       0.00000    
   128.84         1.61098       180.000    
   144.82        0.287564       180.000    
   160.80        0.167772       180.000    
   176.78        0.128086       180.000    
   192.76        0.114826       180.000    
   208.74        0.120482       180.000    
   224.72        0.162697       180.000    
   240.70        0.578799       180.000    
   256.68        0.179065       0.00000    
   272.66        0.604096E-01   0.00000    
   288.64        0.311495E-01   0.00000    
   304.62        0.187558E-01   0.00000    

          ***** ANSYS POST26 VARIABLE LISTING *****


    TIME              1598 UZ      
                      UZ_2    
                  AMPLITUDE       PHASE   
   320.60        0.123087E-01   0.00000    
   336.58        0.110829E-01   0.00000    
   352.56        0.599159E-02   0.00000    
   368.54        0.452858E-02   0.00000    
   384.52        0.361120E-02   0.00000    
   400.50        0.315666E-02   0.00000    
   416.48        0.324569E-02   0.00000    
   432.46        0.445433E-02   0.00000    
   448.44        0.116325E-01   0.00000    
   464.42        0.201739E-01   180.000    
   480.40        0.696466E-02   180.000    
   496.38        0.518485E-02   180.000    
   512.36        0.478910E-02   180.000    
   528.34        0.493417E-02   180.000    
   544.32        0.549141E-02   180.000    
   560.30        0.659140E-02   180.000    
   576.28        0.875919E-02   180.000    
   592.26        0.140845E-01   180.000    
   608.24        0.432839E-01   180.000    

          ***** ANSYS POST26 VARIABLE LISTING *****


    TIME              1598 UZ      
                      UZ_2    
                  AMPLITUDE       PHASE   
   624.22        0.395874E-01   0.00000    
   640.20        0.117860E-01   0.00000    
   656.18        0.690310E-02   0.00000    
   672.16        0.477226E-02   0.00000    
   688.14        0.354229E-02   0.00000    
   704.12        0.274853E-02   0.00000    
   720.10        0.203214E-02   0.00000    
   736.08        0.107900E-02   0.00000    
   752.06        0.220338E-02   180.000    
   768.04        0.208106E-01   0.00000    
   784.02        0.178452E-01   0.00000    
   800.00        0.763622E-02   180.000    

